image_width: 1280
image_height: 1024
camera_name: mv_camera
camera_matrix:
  rows: 3
  cols: 3
  data: [1559.748662, 0.000000, 642.397254, 0.000000, 1566.912418, 505.488084, 0.000000, 0.000000, 1.000000]
distortion_model: plumb_bob
distortion_coefficients:
  rows: 1
  cols: 5
  data: [-0.073102, 0.161119, -0.003751, 0.000426, 0.000000]
rectification_matrix:
  rows: 3
  cols: 3
  data: [1.000000, 0.000000, 0.000000, 0.000000, 1.000000, 0.000000, 0.000000, 0.000000, 1.000000]
projection_matrix:
  rows: 3
  cols: 4
  data: [1549.957886, 0.000000, 642.287922, 0.000000, 0.000000, 1555.950684, 502.957528, 0.000000, 0.000000, 0.000000, 1.000000, 0.000000]
